HI AR GK AL TB VE AV OC LI OE OI LA LU LY TA PE PR LT GO ON OG WE OS UM 
!1001 P1 4 1 1 1 1 1 1 1 1 1 2 2 5 6 1 1 1 1 1 1 1 2 3 3 
!1002 P2 1 1 1 1 1 2 2 2 2 1 1 1 1 1 1 2 2 2 1 1 1 1 1 1 
!1003 P3 1 1 1 1 1 2 2 2 2 1 1 1 1 1 1 2 3 4 1 1 1 1 1 1 
!1004 P4 2 1 1 1 1 1 1 1 1 1 1 1 2 2 1 1 1 1 1 1 1 1 1 1 
!1005 P5 2 1 1 1 1 1 1 1 1 1 1 1 2 2 1 1 1 1 1 1 1 1 1 1
!1006 P6 2 1 1 1 1 1 1 1 1 1 1 1 2 2 1 1 1 1 1 1 1 1 1 1
!1006 P7 2 1 1 1 1 1 1 1 1 1 1 1 2 2 1 1 1 1 1 1 1 1 1 1
!1008 P8 1 1 1 1 2 1 1 1 1 1 1 1 1 1 2 1 1 1 1 1 1 1 1 1 
!1009 P9 1 1 1 1 2 1 1 1 1 1 1 1 1 1 2 1 1 1 1 1 1 1 1 1
!1010 P10 1 1 1 1 2 1 1 1 1 1 1 1 1 1 2 1 1 1 1 1 1 1 1 1
!1011 P11 1 1 1 1 2 1 1 1 1 1 1 1 1 1 2 1 1 1 1 1 1 1 1 1
!1012 P12 1 1 1 1 1 2 2 1 1 1 1 1 1 1 1 2 1 1 1 1 1 1 1 1 
!1013 P13 1 1 1 1 1 2 2 1 1 1 1 1 1 1 1 3 1 1 1 1 1 1 1 1
!1014 P14 1 1 1 1 1 1 2 1 1 1 1 1 1 1 1 2 1 1 1 1 1 1 1 1 
!1015 P15 1 1 1 1 1 1 1 2 2 1 1 1 1 1 1 1 2 2 1 1 1 1 1 1 
!1016 P16 1 1 1 1 1 1 1 1 1 2 1 1 1 1 1 1 1 1 2 2 2 1 1 1 
!1017 P17 1 1 1 1 1 1 1 1 1 2 1 1 1 1 1 1 1 1 2 2 2 1 1 1
!1018 P18 1 1 1 1 1 1 1 1 1 2 1 1 1 1 1 1 1 1 1 2 2 1 1 1
!1019 P19 1 1 1 1 1 1 1 1 1 2 1 1 1 1 1 1 1 1 1 1 2 1 1 1 
!1020 P20 1 1 1 1 1 1 1 1 1 1 2 1 1 1 1 1 1 1 1 1 1 2 1 1 
!1021 P21 1 1 1 1 1 1 1 1 1 1 2 1 1 1 1 1 1 1 1 1 1 2 1 1
!1022 P22 1 1 1 1 1 1 1 1 1 1 1 1 1 1 1 1 1 1 1 1 1 1 2 2 
1031.1 M1a 1 2 2 2 3 2 2 2 4 5 6 2 1 1 3 2 4 4 5 5 5 7 2 2 
1031.2 M1b 1 2 2 2 3 2 2 2 4 5 6 2 7 7 3 2 4 4 5 5 5 8 2 2 
1032 M2 2 1 1 3 4 1 1 5 6 7 8 9 10 11 12 1 13 14 15 16 17 18 19 20 
!1033 M3 1 2 2 3 2 2 2 2 4 5 2 2 1 1 2 6 7 8 9 10 11 12 2 2 
1034 M4 1 4 1 5 3 6 7 8 9 10 11 2 12 13 3 14 15 16 17 18 19 20 21 22 
!1035 M5 1 3 2 4 1 2 2 5 6 2 1 1 1 7 1 2 8 9 2 2 10 1 1 1 
!1036 M6 4 5 2 6 1 2 2 2 2 2 3 3 7 8 1 2 2 2 2 2 2 3 3 3 
!1038 M8 3 4 1 5 6 1 1 7 8 1 2 2 9 10 11 1 12 13 1 1 1 2 2 2 
*1039.1 M9a 1 3 5 6 8 4 4 10 10 10 4 4 1 1 13 15 10 10 10 10 10 19 4 4
*1039.2 M9b 1 3 5 6 8 7 7 10 11 12 4 9 1 1 13 15 10 11 12 12 12 19 9 9
*1040.1 M10a 2 4 4 7 9 4 4 10 10 10 11 12 2 2 14 4 16 10 17 18 10 20 21 22
*1040.2 M10b 2 4 4 7 9 5 5 10 13 13 11 12 2 2 14 5 16 15 17 18 13 20 21 22
1041 M11 1 1 1 3 1 1 1 1 1 1 2 2 1 4 1 1 1 1 1 1 1 5 2 2 
!1042 M12 1 1 1 1 1 1 1 1 1 1 1 2 1 1 1 1 1 1 1 1 1 1 2 3 
!1043 M13 1 1 1 1 1 1 1 1 1 1 1 2 1 1 1 1 1 1 1 1 1 1 2 2 
!1044 M14 1 1 1 1 1 1 1 1 2 1 1 1 1 1 1 1 2 2 1 1 1 1 1 1 
!1045 M15 1 1 1 1 1 1 1 1 1 2 1 1 1 1 1 1 1 1 1 1 2 1 1 1 
1.1 all1 1 2 3 4 3 5 5 5 5 6 6 7 8 8 3 5 5 5 6 6 6 9 10 11 
1.2 all2 1 2 3 4 3 5 5 12 12 6 13 7 8 8 3 5 12 12 6 6 6 9 10 11 
2 and 1 2 3 4 5 6 6 7 7 8 9 10 1 1 11 6 12 13 14 15 8 6 16 10 
3 animal 1 2 3 4 5 6 7 8 9 10 11 12 13 14 5 15 16 17 10 10 10 18 19 20 
4.1 ashes1 1 2 3 4 5 1 6 7 7 1 8 9 10 11 5 12 7 7 1 1 1 8 13 14 
4.2 ashes2 1 2 3 4 5 1 6 7 15 16 8 9 10 11 5 12 15 15 16 16 16 8 13 14 
5 at 1 2 3 4 5 6 7 8 8 9 10 9 11 12 5 13 8 14 9 9 9 15 9 9 
7 bad 1 2 3 4 1 5 6 7 8 9 10 11 1 12 13 14 15 16 9 17 9 18 11 19 
8 bark 1 2 3 4 5 6 7 8 9 10 11 12 13 14 15 16 17 18 19 20 10 21 22 23 
9 because 1 1 2 3 4 5 5 6 7 8 9 10 11 12 4 13 14 7 15 16 17 18 19 20 
10.1 belly1 1 2 3 4 5 6 6 7 8 9 10 11 12 13 5 14 6 6 9 9 9 15 16 17 
10.2 belly2 1 2 3 4 5 6 6 7 8 9 10 11 12 13 5 14 18 18 9 9 9 15 16 17 
11.1 big1 1 2 2 2 3 2 2 4 5 2 6 2 7 8 9 10 11 12 2 2 2 6 13 13 
11.2 big2 1 2 2 2 3 2 2 4 5 14 6 2 7 8 9 10 11 12 14 14 14 6 13 13 
12 bird 1 2 3 4 5 6 6 7 8 9 10 6 11 12 5 13 14 7 9 9 9 10 15 6 
13 bite 1 2 3 4 5 3 3 6 6 7 8 9 10 11 12 13 14 6 7 7 7 15 16 17 
*14 black 1 2 3 4 5 6 7 6 8 9 10 11 1 12 5 13 6 3 9 9 9 10 14 11 
*15.1 blood1 1 1 2 3 1 1 4 5 5 6 7 8 1 9 1 10 5 1 6 6 6 11 12 13 
*15.2 blood2 1 1 2 3 1 1 4 5 14 6 7 8 1 9 1 10 14 1 6 6 6 11 12 13 
17.1 bone1 1 1 1 2 1 1 1 4 5 6 7 1 1 8 1 9 5 5 10 6 6 1 11 12 
17.2 bone2 1 1 1 2 3 1 1 4 5 6 7 1 1 8 3 9 5 5 10 6 6 1 11 12 
18.1 breast1 1 2 3 4 2 2 2 5 6 7 8 9 1 10 2 11 12 6 7 7 7 7 13 14 
18.2 breast2 1 2 3 4 2 2 2 5 6 7 8 9 1 10 2 11 12 6 7 7 7 13 14 15 
19 breathe 1 2 3 4 5 5 5 6 7 5 5 8 9 10 11 12 13 14 5 5 15 5 16 17 
20 burn 1 2 3 4 4 4 4 5 4 6 7 8 9 10 4 11 12 4 6 6 6 7 13 14 
21 child 1 2 3 4 5 6 7 8 9 10 11 12 13 14 5 15 16 17 10 10 18 19 20 21 
22 claw 1 2 3 4 5 3 6 3 3 7 3 3 8 9 10 11 12 3 13 7 7 14 15 16
25.2 come2 1 2 3 6 9 4 4 5 7 9 8 9 1 10 9 4 11 12 9 9 9 13 14 9 
26.1 count1 1 2 3 4 5 6 7 8 8 9 9 11 12 13 14 15 16 8 17 9 9 9 18 19 
26.2 count2 1 2 3 4 5 6 7 8 20 10 9 11 12 13 14 15 16 20 17 10 10 9 18 19 
28.1 day1 1 2 2 1 3 1 4 1 1 5 6 1 7 8 3 9 1 1 5 5 5 10 1 1 
28.2 day2 11 2 2 12 3 1 4 13 13 5 6 1 7 8 3 9 13 13 5 5 5 10 14 14 
28a.1 day3 1 1 2 1 3 4 4 1 1 5 6 1 7 8 3 9 10 1 5 5 5 1 11 12 
28a.2 day4 13 1 2 14 3 4 4 15 15 5 6 1 7 8 3 9 10 15 5 5 5 1 11 12 
30 dig 1 2 3 4 5 6 6 7 8 9 10 1 11 12 5 6 13 14 9 9 9 10 15 16 
31 dirty 1 2 3 4 5 6 7 8 9 10 11 12 13 14 15 16 17 18 19 19 19 20 21 22 
32 dog 1 1 1 2 1 1 1 3 1 9 1 4 1 5 1 6 1 1 9 9 9 1 7 8 
33 drink 1 2 3 3 1 3 4 3 5 6 3 3 1 7 1 8 3 5 6 6 6 3 3 9 
35 dull 1 2 3 4 5 6 7 8 9 10 11 12 13 14 15 16 17 18 19 20 20 21 22 23 
36 dust 1 2 3 4 5 7 8 9 10 6 12 13 14 15 5 16 17 18 19 11 19 20 21 22 
37.1 ear1 1 2 2 2 3 4 5 2 2 2 9 2 1 6 3 5 2 2 2 2 2 9 7 8 
37.2 ear2 1 2 2 2 3 4 5 2 2 10 9 2 1 6 3 5 2 2 10 10 10 9 7 8 
38.1 earth1 1 2 3 1 1 1 1 1 1 4 5 6 1 7 1 8 1 1 4 4 4 9 6 10 
38.2 earth2 1 2 3 1 1 1 1 11 11 4 5 6 1 7 1 8 11 11 4 4 4 9 6 10 
40 egg 1 2 3 4 5 6 7 3 8 3 9 3 10 11 12 13 14 15 16 3 3 3 17 18 
41.1 eye1 1 2 2 3 2 2 4 2 2 2 8 2 1 1 2 4 2 2 2 2 2 5 6 7 
41.2 eye2 1 2 2 3 2 2 4 2 2 9 8 2 1 1 2 4 2 2 9 9 9 5 6 7 
*42 fall 1 6 2 12 16 18 2 18 24 26 28 30 3 4 16 5 7 24 8 26 26 9 10 11
43.1 far1 1 2 14 3 4 1 1 5 6 15 7 16 8 9 4 1 10 6 15 15 15 11 12 13 
43.2 far2 1 2 14 3 4 17 17 5 6 15 7 16 8 9 4 17 10 6 15 15 15 11 12 13 
44 fat 1 2 3 4 5 6 6 7 7 8 9 10 11 12 5 13 7 7 14 8 15 16 17 10 
*45 father 1 2 2 1 2 2 2 1 3 2 2 2 4 4 2 2 3 3 1 2 2 5 2 2 
46.1 fear1 1 2 2 3 4 5 5 5 5 15 6 7 8 9 4 10 5 5 15 11 15 12 13 14 
46.2 fear2 1 2 2 3 4 5 5 16 17 6 6 7 8 9 4 10 17 18 6 11 6 12 13 14 
47.1 feather1 1 2 3 4 3 3 3 3 5 6 7 18 8 9 10 11 12 13 14 6 6 15 16 17 
47.2 feather2 1 2 19 4 20 21 21 3 5 6 7 18 8 9 10 11 12 13 14 6 6 15 16 17 
48.1 few1 1 2 3 4 5 6 7 8 9 10 11 10 12 13 14 7 15 9 10 10 10 16 17 18 
48.2 few2 1 2 3 4 5 6 7 8 9 10 11 19 12 13 14 7 15 9 10 10 10 16 17 18 
*50 fire 1 1 1 2 1 3 4 3 3 1 5 3 1 6 1 4 1 3 1 7 1 5 8 1 
51.1 fish1 1 2 2 3 4 5 5 6 2 7 7 7 8 9 10 11 2 2 7 7 7 12 13 14 
51.2 fish2 1 2 2 3 4 5 5 6 2 7 15 16 8 9 10 11 2 2 7 7 7 12 13 14 
52 five 1 2 2 2 2 2 2 2 2 6 2 2 3 4 2 5 2 2 6 6 6 2 2 2 
53.1 float1 4 9 9 9 9 9 20 9 9 9 11 32 2 3 5 6 7 9 8 9 9 11 12 13 
53.2 float2 4 9 9 9 9 9 20 9 1 1 11 32 2 3 5 6 7 1 8 1 1 11 12 13 
55 flower 1 2 3 4 5 6 7 8 9 10 17 18 11 12 5 13 14 15 10 10 10 17 18 16 
*57.1 fog1 1 2 2 2 3 2 4 2 2 2 5 6 7 8 9 10 11 2 12 13 6 14 15 16 
57.2 fog2 3 4 5 6 12 7 16 5 5 8 21 1 24 27 29 31 9 5 10 11 1 12 13 17 
58 foot 1 1 1 2 1 1 1 3 4 1 5 1 1 1 1 1 3 4 1 1 1 5 1 1 
59.1 four1 1 2 2 2 2 2 2 2 2 2 2 2 1 3 2 4 2 2 2 2 2 2 2 2 
59.2 four2 1 2 2 2 2 2 2 2 2 5 2 2 1 3 2 4 2 2 5 5 5 2 2 2 
60 freeze 1 2 3 4 5 6 7 8 9 10 11 12 13 14 15 16 17 9 10 10 10 10 18 19 
61 fruit 1 2 3 4 5 6 7 8 9 10 11 12 13 14 15 16 17 18 19 20 10 21 22 23 
62.1 full1 1 2 3 4 5 6 6 6 6 6 6 6 7 8 5 9 6 6 6 6 6 6 10 6 
62.2 full2 1 2 3 4 5 6 6 6 6 6 6 11 7 8 5 9 6 6 6 6 6 6 10 11
63.1 give1 1 2 2 3 1 2 2 2 2 4 5 2 1 1 1 2 2 2 4 4 4 2 2 2 
63.2 give2 6 2 7 3 1 7 7 8 8 4 5 7 6 6 1 7 8 8 4 4 4 9 7 7 
64 good 1 2 3 4 5 6 6 7 8 9 10 11 6 12 5 6 13 13 9 9 9 14 15 16 
65 grass 1 2 3 4 5 6 7 8 9 10 11 12 13 14 5 15 16 9 17 10 10 1 18 19 
66.1 green1 1 2 3 4 5 3 6 3 3 7 8 9 1 10 11 12 3 3 13 7 7 14 15 16 
66.2 green2 1 2 3 4 5 3 6 3 16 7 8 9 1 10 11 12 16 16 13 7 7 14 15 17
67 guts 1 2 2 3 4 2 5 6 7 8 9 2 10 11 12 13 14 15 16 8 8 17 18 19 
69.1 hand1 1 1 1 1 1 1 1 2 2 3 4 5 1 1 1 1 2 2 3 3 3 4 5 5 
69.2 hand2 1 1 1 1 1 6 6 2 2 3 4 5 1 1 1 6 2 2 3 3 3 4 5 5 
71 head 1 2 3 4 5 6 6 7 7 8 9 10 11 12 13 14 7 7 8 10 8 9 15 16 
*72.1 hear1 1 2 3 4 2 2 2 2 5 3 2 6 1 7 2 8 5 5 3 3 3 2 9 10 
*72.2 hear2 1 2 3 4 11 2 2 12 5 3 2 6 1 7 11 8 5 5 3 3 3 2 9 10 
73.1 heart1 1 1 1 2 3 1 1 1 1 1 1 1 1 4 3 5 1 1 1 1 1 6 7 8 
73.2 heart2 1 1 1 2 3 9 9 1 1 10 1 1 1 4 3 5 1 1 10 10 10 6 7 8 
*74.1 heavy1 1 2 3 4 15 3 3 5 6 7 8 3 1 9 15 10 11 12 3 7 7 8 13 14 
*74.2 heavy2 1 2 3 4 15 3 3 5 6 1 8 3 1 9 15 10 11 12 3 1 1 8 13 14 
*75 here 1 1 4 6 6 7 7 1 6 1 6 10 1 2 6 7 6 6 1 1 1 14 16 17 
76.1 hit1 1 2 3 4 5 6 6 7 8 9 10 11 12 12 5 6 13 14 9 9 9 15 16 17 
76.2 hit2 1 2 3 4 5 6 6 7 8 11 10 11 12 12 5 6 13 14 11 11 11 15 16 17 
*77 hold 1 2 3 4 6 8 8 11 13 15 17 19 20 22 24 8 13 14 16 15 16 29 31 19 
*78.1 horn1 1 2 1 3 2 1 1 4 4 1 5 1 1 6 2 7 4 4 1 1 1 8 9 10 
*78.2 horn2 1 2 1 3 2 1 1 4 4 11 5 1 1 6 2 7 4 4 11 11 11 8 9 10 
79 how 1 2 2 2 3 2 2 2 2 2 2 2 4 5 6 7 2 2 2 2 2 2 8 9 
80 hunt 1 2 3 4 5 6 7 8 9 10 11 12 13 14 15 16 9 9 17 18 18 19 20 21 
*81 husband 1 3 3 6 7 7 7 10 11 11 11 14 15 15 7 19 11 11 21 11 10 11 22 24 
*82 I 1 1 1 3 4 1 1 1 1 1 2 1 2 2 4 1 1 1 1 1 1 2 1 6 
*82a me 2 2 2 2 4 2 2 1 1 2 2 2 2 2 4 2 1 1 3 3 3 2 5 2 
83 ice 1 2 3 4 5 6 7 8 8 7 1 9 10 11 12 13 8 8 14 7 7 1 15 16 
*84 if 1 2 3 4 5 6 6 7 13 14 8 9 8 10 5 6 15 6 14 11 11 12 9 9 
85.1 in1 1 1 1 1 2 3 4 1 1 1 1 1 1 1 2 5 1 6 1 1 1 1 1 1 
85.2 in2 7 1 1 1 2 3 4 1 1 1 1 1 7 7 2 5 1 6 1 1 1 1 1 1 
87.1 knee1 1 1 1 1 1 1 1 2 9 1 1 1 3 4 1 5 6 9 1 1 1 1 7 8 
87.2 knee2 1 1 1 1 1 1 1 2 9 10 11 1 3 4 1 5 6 9 10 10 10 11 7 8 
90 laugh 1 2 2 3 4 5 6 7 8 9 10 11 12 13 4 14 15 7 9 9 9 16 17 18 
92 lefthand 1 2 3 4 5 6 6 6 7 8 9 10 11 12 5 13 14 15 16 8 8 17 18 18 
93 leg 1 2 3 4 5 6 7 8 9 10 11 2 12 13 14 15 16 9 17 18 19 11 20 21 
*94 lie 1 2 1 3 4 1 1 4 5 4 4 6 1 1 4 7 8 5 4 4 4 9 10 11 
95.1 live1 1 2 2 3 2 2 2 2 2 4 2 2 5 6 2 2 2 2 4 4 4 2 7 8 
95.2 live2 1 2 9 3 9 9 9 9 10 4 11 9 5 6 9 9 9 12 4 4 4 11 7 8 
96 liver 1 16 2 3 4 2 2 5 6 7 8 2 9 10 11 12 2 2 13 7 7 8 14 15 
97.1 long1 1 2 3 4 5 6 6 6 6 7 8 7 9 10 5 6 6 11 7 7 7 12 13 14 
97.2 long2 1 2 3 4 5 6 6 6 15 7 8 7 9 10 5 6 15 11 7 7 7 12 13 14 
98 louse 1 2 3 4 5 6 7 8 9 10 11 12 13 14 15 16 17 9 18 10 10 10 19 20 
101 meat 1 2 3 2 2 2 4 2 2 5 6 7 8 9 10 11 2 12 2 13 5 14 15 16 
103 mother 1 2 2 3 2 2 2 2 2 2 2 2 1 1 2 2 2 2 4 2 2 5 2 2 
104.1 mountain1 1 2 3 4 5 6 6 6 7 8 9 10 11 12 5 13 14 7 15 16 8 10 17 18 
104.2 mountain2 1 2 3 4 5 6 6 19 7 8 9 10 11 12 5 13 14 7 15 16 8 20 17 18 
105 mouth 1 2 3 4 5 1 1 6 7 8 9 1 1 10 5 11 6 12 8 8 8 9 13 14 
106.1 name1 1 1 1 1 1 1 1 1 2 1 1 1 1 1 1 1 1 2 1 1 1 1 1 1 
106.2 name2 3 1 1 1 1 1 1 1 2 1 1 1 4 4 1 1 1 2 1 1 1 1 1 1 
108 near 1 2 3 4 5 6 7 8 9 10 11 12 13 14 15 7 16 17 10 10 10 18 19 19 
109.1 neck1 1 2 3 4 5 6 6 8 9 10 11 10 12 13 14 15 16 9 10 10 10 7 17 18 
109.2 neck2 1 2 3 4 5 7 7 8 9 10 11 10 12 13 14 15 16 9 10 10 10 7 17 18 
112 nose 1 2 3 4 5 6 6 6 6 6 7 6 8 9 5 6 6 10 11 6 6 12 13 14 
113 not 1 2 2 1 3 1 1 1 1 1 1 1 1 1 3 1 1 1 1 4 1 1 1 1 
115 one 1 2 2 2 2 9 10 3 4 11 11 11 5 6 2 10 11 4 11 11 11 11 7 8 
116 other 1 2 2 3 2 4 4 5 6 10 2 2 7 8 2 4 6 6 10 10 10 2 2 9 
118 pierce 1 2 3 4 5 6 7 8 9 10 11 8 12 13 5 14 8 9 15 16 17 18 19 20 
119 play 1 2 3 4 5 6 7 8 9 10 11 12 13 14 15 16 17 18 19 20 21 22 23 24 
121 push 1 2 3 4 5 5 6 7 8 9 10 11 12 13 5 14 15 8 9 9 9 16 17 18  
122.1 rain1 1 2 3 3 3 4 5 6 7 8 9 10 11 12 3 13 14 7 8 8 8 15 16 17 
122.2 rain2 1 2 3 3 18 4 5 6 7 8 9 10 11 12 18 13 14 7 8 8 8 15 16 17 
124 righthand 1 2 3 13 4 14 14 14 14 5 15 16 6 7 8 9 10 11 17 12 17 18 16 16 
125 right 1 2 3 4 5 6 17 7 8 18 9 18 10 11 12 13 14 15 18 18 18 9 16 18 
126 river 1 2 3 4 5 6 7 8 9 10 1 11 1 12 13 7 9 9 10 10 10 1 14 15 
128 root 1 2 3 4 5 6 7 8 9 10 11 10 12 13 14 15 9 9 10 10 10 10 16 17 
130 rotten 1 2 3 4 5 6 17 7 18 19 8 20 9 10 11 12 13 21 19 22 19 14 15 16 
131 round 1 2 3 4 5 6 7 8 9 10 11 12 13 14 15 16 17 9 18 10 10 11 19 20 
132 rub 1 2 3 4 5 6 7 8 8 9 10 11 12 13 14 15 16 17 18 18 9 19 20 21 
133 salt 1 2 2 3 11 4 5 2 6 12 13 2 7 8 11 9 2 2 12 12 12 13 10 2 
134 sand 1 2 2 3 4 5 6 7 8 2 9 10 11 12 4 13 14 8 15 2 2 16 17 18 
136 scratch 1 2 3 4 5 6 7 8 9 10 11 12 13 14 15 16 17 18 19 12 20 21 22 23 
138 see 1 2 3 4 5 6 7 8 9 10 11 8 12 13 5 7 8 14 10 10 10 15 16 8 
140 sew 1 2 3 4 5 6 7 6 6 6 8 6 9 10 11 12 13 6 6 18 14 15 16 17 
142 short 1 2 3 4 5 6 3 7 8 9 10 3 1 11 12 13 14 14 15 16 16 10 17 18 
143 sing 1 2 3 4 5 6 7 5 8 9 10 10 11 12 5 13 14 15 9 9 9 10 16 10 
*147 sleep 1 2 3 4 5 1 6 6 7 8 9 10 11 12 5 13 7 14 8 6 8 15 16 17 
149 smell 1 2 2 3 4 5 6 7 8 9 10 2 11 12 4 13 14 2 15 16 9 17 18 19 
150 smoke 1 2 3 4 5 17 6 17 17 7 9 17 10 11 12 13 17 17 14 7 7 8 15 16 
151 smooth 1 2 3 4 5 6 7 8 8 9 10 3 11 12 13 14 15 8 16 16 16 17 18 19 
*152.1 snake1 1 2 3 4 5 3 3 6 7 8 9 10 11 12 5 13 10 14 8 8 8 9 15 16 
*152.2 snake2 1 2 3 4 2 3 3 6 7 8 8 10 11 12 2 13 10 14 8 8 8 8 15 16 
*153.1 snow1 1 2 2 3 4 2 5 6 6 6 6 6 8 10 12 13 6 6 6 6 6 15 16 18 
*153.2 snow2 1 2 2 3 4 2 5 6 6 6 7 9 8 10 12 13 6 6 6 6 6 15 16 18 
154 some 1 14 2 3 4 15 5 16 17 18 6 19 7 8 4 15 9 10 18 18 18 11 12 13 
155 spit 1 2 3 4 5 6 3 3 3 3 7 3 8 9 10 11 12 3 3 3 3 13 14 15 
157 squeeze 1 2 3 4 5 3 6 7 8 9 10 11 12 13 14 15 16 17 9 9 18 10 19 20 
158.1 stand1 1 2 3 4 5 3 3 3 3 3 3 3 3 3 5 3 3 3 3 3 3 3 3 3 
158.2 stand2 1 2 3 4 5 3 3 3 6 7 3 8 3 3 5 3 3 6 7 7 7 3 8 8 
159.1 star1 1 1 1 2 1 1 1 3 3 1 4 1 5 6 1 7 8 3 1 1 1 1 9 10 
159.2 star2 1 1 1 2 11 1 1 3 3 12 4 1 5 6 11 7 8 3 12 12 12 1 9 10 
160 stick 1 2 3 4 5 6 7 8 9 10 11 3 12 13 14 15 9 16 17 18 19 20 21 22 
161 stone 1 2 3 4 5 6 6 6 6 7 8 9 10 11 12 6 13 6 7 7 7 14 15 9 
162 straight 1 2 3 4 5 6 6 7 8 17 6 17 9 10 11 12 13 8 17 17 17 14 15 16 
163.2 suck2 1 2 2 3 4 2 5 15 6 16 2 16 7 8 9 10 11 6 12 16 16 2 13 14 
164.1 sun1 1 2 3 4 5 3 3 3 3 3 6 3 11 7 5 8 3 3 3 3 3 3 9 10 
165 swell 1 2 2 3 4 5 5 6 7 8 9 10 11 12 13 14 15 16 17 8 8 18 19 20 
*166 swim 5 9 11 15 11 9 21 9 9 27 11 11 1 2 3 4 6 7 8 27 27 11 10 12
167 tail 1 2 3 4 5 6 7 8 9 10 23 11 12 13 14 15 16 17 18 19 10 20 21 22 
169 there 2 3 5 6 6 6 8 6 6 6 9 7 11 12 6 13 6 6 6 6 6 15 7 7 
171 thick 1 2 3 4 5 3 6 7 8 9 9 10 11 12 13 14 15 16 17 9 9 9 18 19 
172 thin 1 2 3 4 5 6 7 6 8 6 6 6 9 10 11 12 13 6 14 6 6 6 15 16 
175 thou 1 1 1 1 1 1 1 1 1 1 1 1 1 3 1 1 1 1 1 1 1 2 1 6 
*175a thee 2 2 2 2 2 2 2 2 7 2 2 2 2 4 2 2 7 8 9 9 9 2 5 2 
176 three 1 1 1 1 1 1 1 1 1 1 1 1 1 1 1 1 1 1 1 1 1 1 1 1 
177 throw 1 2 3 4 5 1 1 6 6 7 8 9 10 11 12 1 6 6 7 7 7 13 14 15 
179.1 tongue1 1 2 3 4 2 2 2 2 2 2 2 2 1 5 2 2 2 6 2 2 2 2 2 7 
179.2 tongue2 1 2 3 4 8 9 9 10 11 12 13 2 1 5 8 9 10 6 12 12 12 13 14 7 
179.3 tongue3 1 2 3 4 8 9 15 10 11 12 13 2 1 5 8 15 10 6 12 12 12 13 14 7 
*180 tooth 1 2 2 3 3 2 2 3 2 2 2 2 4 5 3 6 2 3 2 2 2 2 2 7 
181.1 tree1 1 2 1 1 3 4 5 1 6 1 7 8 9 10 3 11 12 13 14 1 17 7 15 16 
181.2 tree2 1 2 1 1 3 4 5 1 6 18 7 8 9 10 3 11 12 13 14 18 17 7 15 16 
182 turn 1 2 3 4 5 6 7 8 6 9 10 6 11 12 5 6 6 6 9 13 9 14 15 6 
183 two 1 1 1 1 1 1 1 1 1 1 1 1 2 1 1 1 1 1 1 1 1 1 3 1 
184 vomit 1 2 3 4 5 3 3 6 3 7 8 3 9 10 11 12 3 3 13 7 7 8 14 15 
*189 we 1 5 2 2 8 1 1 6 6 1 2 2 3 4 8 1 6 6 1 1 1 2 7 9 
189a us 2 2 2 2 1 2 2 2 3 2 2 2 2 5 1 6 3 3 2 2 2 2 8 10 
191 what 1 1 1 1 1 1 1 1 1 1 1 1 1 1 1 2 1 1 1 1 1 1 1 1 
192.1 when1 1 8 9 10 2 11 11 12 11 13 14 15 16 3 2 4 11 11 13 13 13 17 5 6 
*193 where 1 5 6 7 2 8 8 9 5 10 11 9 12 13 3 4 14 5 10 10 10 15 9 9 
194.1 white1 1 2 3 4 1 5 5 6 15 14 7 8 9 10 1 11 12 15 14 14 14 7 13 8 
194.2 white2 1 2 3 4 1 1 1 6 15 14 7 8 9 10 1 11 12 15 14 14 14 7 13 8 
195 who 1 1 1 1 1 1 1 1 1 1 1 1 1 1 1 1 1 1 1 1 1 1 1 1 
197 wife 1 1 1 2 1 1 3 1 4 1 1 5 6 7 1 8 1 9 1 1 1 10 11 12 
198.1 wind1 1 2 2 3 1 1 1 1 1 1 4 1 5 6 1 7 1 1 1 1 1 1 8 9 
198.2 wind2 1 2 2 3 10 11 11 12 13 10 4 10 5 6 10 7 12 13 10 10 10 10 8 9 
199.1 wing1 1 3 1 4 5 1 1 6 1 2 17 7 8 9 10 11 12 1 13 14 2 18 15 16 
199.2 wing2 1 3 19 4 5 20 20 6 21 2 17 7 8 9 10 11 12 21 13 14 2 18 15 16 
200 wipe 1 2 3 4 5 6 7 8 9 10 11 12 1 13 5 14 15 16 17 18 17 19 20 21 
202 woman 1 1 1 2 3 1 1 1 4 5 1 6 1 7 3 8 1 9 1 1 5 1 10 11 
*205 ye 1 2 1 4 3 2 2 1 2 2 1 1 5 6 3 8 2 2 2 2 2 1 1 11 
205a you 1 3 1 4 5 1 1 1 2 1 1 1 1 7 5 9 1 2 1 1 1 1 10 12 
207.1 yellow1 1 2 3 4 5 6 6 6 6 6 7 8 1 9 10 11 6 6 12 6 6 13 14 15 
207.2 yellow2 1 2 3 4 5 16 16 6 17 18 7 8 1 9 10 11 17 17 12 6 18 13 14 15 
301 arm 1 2 3 4 5 5 5 6 7 8 9 10 11 12 5 13 8 7 8 8 8 14 15 16 
*302 arrow 1 1 2 3 4 5 5 6 6 7 8 9 10 11 4 12 13 14 7 7 6 15 16 17 
304 autumn 1 2 3 4 5 6 7 3 8 9 10 11 12 13 14 15 3 8 3 16 9 17 18 19 
305 be_awake 1 2 3 4 5 3 3 6 6 7 8 17 9 10 11 12 6 13 7 7 7 14 15 16 
307 axle 1 2 3 4 5 3 6 3 3 3 7 3 8 9 10 11 3 3 12 3 3 3 13 14 
309 bear 1 1 1 1 2 1 1 3 4 5 6 1 7 8 9 10 4 4 11 5 5 1 12 13 
310 beard 1 1 2 1 3 1 4 5 5 5 6 5 7 8 9 10 5 5 11 12 5 13 14 15 
311 bee2 1 2 16 17 3 4 5 6 18 6 6 7 8 9 10 11 18 18 12 6 6 13 14 15 
312 be_born 1 2 2 3 4 2 2 5 6 7 2 2 8 9 4 10 6 6 7 7 7 2 2 11 
313.1 bow1 1 2 3 4 5 6 6 7 7 8 9 10 11 12 13 6 14 7 15 8 8 16 17 18 
313.2 bow2 1 2 3 4 5 6 19 7 7 8 9 10 11 12 13 19 14 7 15 8 8 16 17 18 
315.1 break1 1 2 3 4 5 2 6 7 8 9 2 9 10 11 5 12 7 8 9 13 9 14 15 16 
315.2 break2 1 2 3 4 5 2 6 7 8 9 2 17 10 11 5 12 7 8 9 13 9 14 15 16 
316 bronze 1 2 3 4 5 6 7 8 9 7 10 7 11 12 13 14 15 16 7 7 7 10 7 7 
317.1 brother1 1 2 3 4 2 2 2 2 2 2 2 2 1 1 2 2 2 2 2 2 2 2 2 2 
317.2 brother2 1 2 3 4 2 2 2 2 5 2 2 2 1 1 2 2 2 5 2 2 2 2 2 2 
318 brother-in-law 1 2 2 3 4 2 5 2 6 2 7 2 8 9 10 11 12 6 13 14 15 16 17 18 
*319.1 bull1 1 5 9 10 14 14 14 16 20 23 9 9 27 30 14 2 3 4 6 7 23 9 9 9 
*319.2 bull2 1 5 9 10 14 14 14 16 20 23 9 9 27 30 14 2 3 4 6 7 23 9 9 9 
320 buy 1 16 17 2 3 3 4 5 6 7 3 8 9 10 11 12 13 6 7 14 15 3 8 8 
321.1 carry1 1 2 2 3 2 2 2 4 4 2 2 2 1 5 2 2 6 4 2 2 7 8 2 2 
321.2 carry2 1 2 2 3 2 2 2 9 4 2 2 2 1 5 2 2 6 4 2 2 7 8 2 2 
324 comb 1 2 3 4 5 6 7 8 9 10 20 3 11 12 13 14 15 16 17 10 10 18 19 3 
325 cook 1 2 3 4 3 3 3 5 6 7 8 3 9 10 3 11 12 13 14 15 16 17 18 19 
327 darkness 1 2 3 4 5 6 6 6 6 7 16 6 8 9 5 10 11 6 12 13 17 16 14 15 
328 daughter 1 2 2 3 2 2 2 2 2 2 4 5 2 2 2 6 2 7 2 2 2 8 2 9 
329 daughter-in-law 1 2 2 2 3 2 4 2 5 2 6 2 7 8 9 10 5 11 12 2 2 13 14 15 
331 drive 1 2 4 5 7 3 3 9 9 10 3 3 13 14 16 17 9 9 10 18 10 19 21 3 
*332 duck 1 2 1 3 4 5 6 7 7 7 8 7 9 10 11 12 7 13 14 7 7 15 16 17 
333 eight 1 2 2 2 2 2 2 2 2 2 2 2 3 2 2 4 2 2 2 2 2 2 5 6 
334.1 elbow1 1 2 3 4 5 6 6 7 7 8 8 9 10 11 12 13 7 7 14 8 8 8 15 16 
334.2 elbow2 1 2 3 4 5 6 6 7 7 17 8 9 10 11 12 13 7 7 14 17 17 18 15 16 
335 eyebrow 1 2 3 4 3 3 3 3 5 3 3 6 7 8 3 9 3 10 11 3 3 12 13 14 
336 father-in-law 1 2 3 4 5 4 4 4 6 4 7 4 8 9 10 11 12 13 4 14 4 15 16 17 
337.1 field1 1 2 2 3 4 5 6 7 8 2 9 16 10 11 12 13 8 8 2 2 2 14 15 16 
337.2 field2 1 2 2 3 4 5 6 7 8 2 9 2 10 11 12 13 8 8 2 2 2 14 15 2 
338 finger 1 2 3 4 5 6 7 8 8 9 10 11 12 13 5 14 8 8 9 9 9 15 16 17 
339 fly 1 2 2 2 3 4 4 2 2 5 6 2 7 8 9 10 2 2 11 5 5 6 12 13 
340 follow 1 2 3 4 5 3 3 6 3 7 3 3 8 9 3 10 11 3 12 7 7 13 14 15 
341 free 1 2 3 4 5 6 7 8 9 10 11 3 12 1 13 14 15 16 10 10 10 10 3 17 
342 furrow 1 2 3 4 5 6 7 8 9 10 11 12 13 14 15 16 17 9 18 19 10 10 20 21 
344 goat 1 2 3 4 5 4 6 7 4 8 9 10 11 12 5 13 4 14 8 8 8 9 15 10 
345 gold 1 2 3 4 5 6 6 14 7 15 8 7 9 10 5 6 7 16 15 15 15 11 12 13 
346 goose 1 2 3 4 5 3 6 3 3 3 7 3 8 9 10 11 3 3 12 3 3 7 13 14 
*347.1 grain1 1 2 3 4 5 6 6 7 8 9 11 12 13 14 5 15 9 8 9 9 9 11 16 17 
*347.2 grain2 1 2 3 4 5 6 6 7 6 9 11 12 13 14 5 15 9 6 9 9 9 11 16 17 
348 grind 1 2 2 3 4 5 6 1 1 7 1 1 8 9 10 11 12 1 1 1 1 1 13 1 
349 half 1 2 3 4 5 6 7 8 9 10 11 12 13 14 15 16 17 9 10 10 10 18 19 20 
*352 honey 1 1 1 1 5 5 7 5 5 10 1 1 1 13 15 16 5 5 1 10 10 1 20 22 
353 horse 1 2 3 4 3 3 3 5 6 7 3 3 3 3 3 3 8 9 3 7 7 10 11 12 
*354.1 house1 1 2 3 4 5 2 2 2 7 8 9 2 1 1 5 2 7 2 6 8 8 9 10 11 
*354.2 house2 1 2 3 4 5 2 12 2 7 8 9 2 1 1 5 12 7 2 6 8 8 9 10 11 
355 hundred 1 2 3 4 3 3 3 3 3 3 3 3 5 6 3 7 8 3 3 3 9 3 10 11 
356 jaw 1 2 2 3 4 2 2 5 2 6 7 8 9 10 2 11 12 13 14 17 2 2 15 16 
357 join 1 2 3 4 5 6 6 7 6 8 9 6 10 11 5 12 13 14 15 16 8 17 18 19 
358 king 1 2 3 4 5 6 7 8 9 10 6 6 11 11 5 7 12 13 14 10 10 15 16 17 
359 knot 1 2 3 4 5 6 7 8 9 10 11 12 13 14 15 16 17 9 18 10 10 19 20 21 
*360 lamb 1 2 2 3 4 2 5 6 7 8 6 6 9 10 11 12 7 7 8 8 8 6 13 14 
362.1 leave1 1 2 2 3 4 2 2 5 2 3 6 2 7 8 4 9 10 11 3 3 3 12 13 14 
362.2 leave2 1 2 2 15 4 2 2 5 2 3 6 2 7 8 4 9 10 11 3 3 3 12 13 14 
363 lick 1 2 2 3 4 2 2 2 2 2 2 2 5 6 7 8 9 2 2 2 2 2 10 11 
364.1 lift1 1 2 3 4 5 7 8 9 10 11 12 6 13 14 5 15 16 10 11 11 11 17 18 19
364.2 lift2 1 2 3 4 5 7 8 9 10 11 12 5 13 14 5 15 16 10 11 11 11 17 18 19 
365 light 1 1 2 3 1 1 1 4 4 1 1 1 5 6 1 7 8 9 1 1 1 1 10 11 
367 livestock 1 2 3 4 5 6 6 7 8 6 9 6 10 11 12 13 14 15 16 6 6 17 18 6  
369 middle 1 2 2 2 3 2 2 4 5 2 2 2 6 7 3 8 9 5 2 2 2 10 2 11 
370.1 milk1 1 2 3 4 5 6 6 7 15 5 5 16 8 9 5 10 11 15 5 5 5 12 13 14 
370.2 milk2 1 2 3 4 5 6 6 7 15 17 5 16 8 9 5 10 11 15 17 17 17 12 13 14 
371 mother_in_law 1 2 3 2 4 2 5 2 6 2 7 2 8 9 10 11 12 13 2 14 2 15 16 17 
372 mouse 1 2 2 2 3 2 4 2 5 2 6 2 7 8 9 10 11 5 12 2 2 6 13 14 
373 nail 1 2 3 4 12 3 5 13 14 15 16 3 6 7 12 8 13 14 9 15 15 16 10 11 
374 naked 1 1 1 2 3 1 1 12 12 13 14 1 4 5 6 7 8 9 13 13 13 14 10 11 
375 navel 1 2 3 4 5 3 3 6 7 16 3 3 8 9 10 11 3 3 12 16 16 13 14 15 
376 nine 1 2 2 2 2 2 2 5 5 2 2 2 3 2 2 2 2 5 2 2 2 2 4 2 
377.1 now1 1 2 1 1 1 12 12 1 3 1 4 1 1 5 6 12 7 8 1 1 1 9 10 11 
377.1 now2 1 2 1 1 1 13 12 1 3 1 4 1 1 5 6 12 7 8 1 1 1 9 10 11 
378 orphan 1 2 2 3 4 5 6 7 8 9 10 2 11 12 13 14 15 16 17 18 19 20 21 22 
*379 ox 2 6 8 10 14 8 8 17 21 14 26 8 28 31 14 1 19 13 14 14 14 14 3 4
380.1 pig1 1 2 3 4 3 3 3 3 5 3 6 3 8 9 10 11 3 12 3 3 3 6 13 3 
380.2 pig2 1 2 3 4 3 3 3 14 5 14 6 7 8 9 10 11 14 12 14 14 14 6 13 7 
381 plow 1 2 3 4 5 6 6 3 3 3 3 3 7 8 9 10 3 3 3 3 3 3 11 12  
382 pour 1 2 3 4 3 5 5 6 6 14 7 14 1 8 3 9 6 6 14 10 14 11 12 13 
*383.1 put1 1 1 1 2 1 1 1 5 1 5 7 8 1 1 1 1 11 9 5 5 5 4 1 10 
*383.2 put2 14 15 1 2 13 1 1 5 1 6 7 8 12 12 13 1 11 9 6 6 6 4 16 10 
384 remember 1 2 3 4 5 6 6 3 3 3 3 3 7 8 5 9 10 3 3 3 11 3 3 12 
385 roof 1 2 3 4 5 6 7 8 17 18 19 20 9 10 11 12 17 13 14 18 18 19 15 16 
386 row 1 2 3 4 5 6 7 8 9 20 20 21 10 11 12 13 14 9 15 20 16 17 18 19 
387 send 1 2 3 4 5 6 7 8 9 10 11 12 13 14 5 6 15 16 10 10 10 17 18 19 
388 seven 1 1 1 1 1 1 1 1 1 7 1 1 2 3 1 4 1 1 7 7 7 1 5 6 
390.1 sheep1 1 2 3 4 5 6 7 6 6 8 9 6 6 6 5 10 11 12 13 14 8 15 16 6 
390.2 sheep2 1 2 3 4 6 6 7 6 6 8 9 6 6 6 6 10 11 12 13 14 8 15 16 6 
391.1 ship1 1 2 3 4 5 3 3 7 8 9 10 3 11 12 5 3 13 14 9 9 9 10 15 16 
391.2 ship2 1 2 3 4 5 3 3 7 8 9 3 3 11 12 5 3 13 14 9 9 9 3 15 16 
393 silver 1 2 10 4 5 3 3 6 11 12 3 3 7 8 5 3 13 14 12 12 12 3 3 9 
394 sister 1 2 3 4 2 2 2 2 2 2 2 2 1 5 2 6 2 7 2 2 2 2 8 9 
395 sister-in-law 1 2 3 4 5 6 7 3 8 9 10 3 11 12 13 14 15 8 16 17 18 19 20 21 
396 six 1 2 2 2 2 2 2 2 2 2 2 2 3 4 2 5 2 2 2 2 2 2 6 7 
398.1 son-in-law1 1 2 3 3 4 3 3 3 3 5 6 3 7 8 9 10 11 12 13 13 5 14 15 16 
398.2 son-in-law2 1 2 3 3 4 17 17 18 18 5 6 3 7 8 9 10 11 12 13 13 5 14 15 16 
399 spin 1 2 3 4 5 6 7 8 9 10 3 3 11 12 13 14 15 9 10 10 10 3 16 17 
400.1 spring1 1 1 1 2 3 1 1 1 1 4 5 1 6 7 8 1 9 1 10 1 4 1 11 12 
400.2 spring2 13 1 1 2 3 1 1 1 14 4 5 1 6 7 8 1 9 14 10 1 4 1 11 12 
*401.1 stay1 1 2 2 3 5 4 7 6 8 9 10 2 11 12 5 13 8 8 4 14 15 16 17 18 
*401.2 stay2 1 2 2 3 4 4 7 6 8 9 10 2 11 12 4 13 8 8 4 14 15 16 17 18 
402.1 steal1 1 2 3 4 5 6 7 8 9 3 11 12 13 14 5 15 16 17 3 3 3 18 19 20 
402.2 steal2 1 2 3 4 3 6 7 8 9 10 11 12 13 14 3 15 16 17 10 10 10 18 19 20 
403.1 summer1 1 2 3 4 2 5 2 6 7 2 2 8 9 10 2 11 12 7 13 2 2 2 14 15 
403.2 summer2 1 2 3 4 17 5 2 6 7 18 2 8 9 10 17 11 12 7 13 18 18 2 14 15 
*404 sweat 1 2 2 3 2 2 2 4 5 2 1 2 6 7 8 9 5 2 10 2 2 2 11 12 
405.1 sweet1 1 2 3 4 6 5 8 9 9 6 7 11 12 14 6 17 18 9 19 6 6 7 21 23 
405.2 sweet2 1 2 3 4 10 5 8 9 9 6 7 11 12 14 10 17 18 9 19 6 6 7 21 23 
406 ten 1 2 2 2 2 2 2 2 2 2 2 2 3 4 2 5 2 2 2 2 2 2 6 2 
407.1 thousand1 1 2 3 4 5 3 3 6 6 6 7 8 9 10 5 11 6 6 6 6 6 12 13 14 
407.2 thousand2 1 2 3 4 5 15 15 6 6 6 7 8 9 10 5 11 6 6 6 6 6 12 13 14 
408 twenty 1 2 2 3 2 2 2 4 4 5 2 2 6 7 2 8 9 4 5 5 5 2 10 11 
409 udder 1 2 3 4 5 3 6 7 8 3 9 3 10 11 12 13 14 8 15 3 3 16 17 18 
410 wasp 1 2 3 4 5 6 7 8 7 7 9 7 10 11 12 13 7 14 15 16 17 18 19 20 
411.1 wear1 1 1 2 3 1 1 1 4 5 15 6 7 1 8 1 9 10 5 15 11 12 1 13 14 
411.1 wear2 1 1 2 3 1 1 1 4 4 1 6 7 1 8 1 9 10 4 1 11 12 1 13 14 
*412 weave 1 2 3 4 3 4 5 6 7 3 8 9 10 11 3 12 6 7 13 3 3 8 14 15 
414 widow 1 2 3 2 4 2 2 2 5 2 2 2 6 7 8 9 2 10 2 11 2 2 12 13 
415 winter 2 2 2 2 2 2 2 2 2 7 2 2 9 11 2 14 2 2 7 7 7 2 17 19 
*416 wolf 1 2 3 3 4 3 3 3 3 3 2 3 5 6 7 3 3 3 3 3 3 8 9 10 
418 wool 1 2 3 4 5 1 1 1 1 1 12 1 1 6 7 8 9 1 1 1 1 12 10 11 
419 yoke 1 1 1 2 3 1 4 1 1 1 1 1 5 6 7 8 9 1 1 1 1 1 10 11 
420.1 young1 1 2 2 3 4 5 5 5 5 5 5 5 6 7 8 9 10 5 5 5 5 5 11 5 
420.2 young2 1 2 2 3 4 5 5 5 5 12 12 5 6 7 8 9 10 5 12 12 12 12 11 5 
421 tear 1 2 2 3 11 11 11 4 11 2 2 2 5 6 11 7 8 11 2 2 2 2 9 10 

