BB11001 5.14 19.30 0.23
BB11002 11.67 44.88 0.27
BB11003 29.97 114.92 0.49
BB11004 25.12 98.56 0.32
BB11005 87.77 336.16 0.60
BB11006 45.22 138.58 0.55
BB11007 62.82 231.25 0.94
BB11008 23.18 79.54 0.66
BB11009 16.93 56.48 0.26
BB11010 31.41 120.98 0.53
BB11011 14.62 56.47 0.28
BB11012 26.32 94.25 0.27
BB11013 4.98 18.99 0.18
BB11014 52.38 203.13 0.51
BB11015 18.05 70.59 0.24
BB11016 60.24 233.14 0.46
BB11017 14.64 57.11 0.25
BB11018 122.80 480.03 0.37
BB11019 56.41 212.87 0.44
BB11020 27.58 108.52 0.23
BB11021 6.68 25.71 0.22
BB11022 10.56 35.58 0.23
BB11023 32.91 127.13 0.41
BB11024 24.85 97.51 0.34
BB11025 4.64 17.66 0.17
BB11026 28.98 108.65 0.48
BB11027 23.63 92.53 0.33
BB11028 25.65 96.29 0.27
BB11029 5.84 22.23 0.23
BB11030 62.18 240.90 0.39
BB11031 63.72 246.69 0.54
BB11032 34.41 135.25 0.28
BB11033 28.77 105.95 0.28
BB11034 63.16 246.43 0.59
BB11035 7.05 27.20 0.21
BB11036 45.61 177.49 0.24
BB11037 44.71 170.75 0.63
BB11038 45.02 174.63 0.34
BB12001 78.92 307.07 0.35
BB12002 18.48 70.80 0.25
BB12003 9.79 34.54 0.21
BB12004 52.33 206.23 0.17
BB12005 28.24 106.84 0.23
BB12006 13.15 51.16 0.27
BB12007 150.63 589.43 0.80
BB12008 112.44 360.84 0.59
BB12009 36.92 70.74 0.19
BB12010 107.25 210.37 0.21
BB12011 318.44 797.83 0.60
BB12012 22.82 89.08 0.40
BB12013 98.74 379.34 0.54
BB12014 14.40 52.27 0.24
BB12015 32.62 128.08 0.35
BB12016 45.11 172.98 0.56
BB12017 51.32 199.09 0.41
BB12018 58.18 228.55 0.61
BB12019 64.32 247.51 0.55
BB12020 8.59 30.28 0.21
BB12021 6.55 25.03 0.19
BB12022 18.76 73.14 0.35
BB12023 60.18 231.13 0.54
BB12024 14.04 54.69 0.22
BB12025 11.51 44.78 0.19
BB12026 74.18 284.87 0.42
BB12027 98.97 385.89 0.49
BB12028 35.45 139.35 0.39
BB12029 87.50 338.19 0.45
BB12030 85.84 334.71 0.70
BB12031 169.49 663.82 0.71
BB12032 8.35 32.22 0.25
BB12033 53.34 202.18 0.38
BB12034 16.35 63.67 0.23
BB12035 104.47 406.15 0.47
BB12036 21.30 83.30 0.23
BB12037 162.95 636.40 0.80
BB12038 85.42 324.22 0.60
BB12039 16.49 64.44 0.28
BB12040 9.36 36.28 0.22
BB12041 11.25 43.64 0.24
BB12042 35.78 130.67 0.38
BB12043 163.13 640.20 0.57
BB12044 106.88 410.98 0.37
BBS11001 4.38 16.68 0.16
BBS11002 6.67 25.75 0.17
BBS11003 27.65 104.09 0.28
BBS11004 27.68 98.18 0.34
BBS11005 68.26 266.19 0.39
BBS11006 23.62 91.84 0.27
BBS11007 57.21 216.13 0.39
BBS11008 6.09 23.37 0.17
BBS11009 5.16 19.69 0.18
BBS11010 10.08 38.75 0.30
BBS11011 12.25 47.85 0.21
BBS11012 23.57 82.79 0.33
BBS11013 3.93 14.85 0.16
BBS11014 47.13 185.56 0.38
BBS11015 19.98 72.32 0.30
BBS11016 38.72 151.90 0.34
BBS11017 16.02 58.35 0.22
BBS11018 94.02 368.41 0.37
BBS11019 53.67 205.89 0.36
BBS11020 25.55 100.60 0.22
BBS11021 5.82 22.32 0.18
BBS11022 3.60 13.59 0.16
BBS11023 30.60 111.95 0.36
BBS11024 17.39 67.97 0.26
BBS11025 3.40 12.81 0.18
BBS11026 7.99 30.93 0.18
BBS11027 21.44 78.69 0.24
BBS11028 13.88 51.46 0.18
BBS11029 5.12 19.54 0.18
BBS11030 35.70 140.26 0.22
BBS11031 58.98 214.94 0.34
BBS11032 27.81 104.76 0.37
BBS11033 14.00 54.51 0.20
BBS11034 39.51 155.13 0.34
BBS11035 8.65 28.62 0.22
BBS11036 40.37 156.11 0.24
BBS11037 28.21 107.94 0.27
BBS11038 30.61 120.22 0.30
BBS12001 202.66 397.88 0.36
BBS12002 68.12 131.52 0.18
BBS12003 58.45 113.33 0.16
BBS12004 137.67 345.23 0.31
BBS12005 52.70 162.48 0.23
BBS12006 23.43 73.65 0.29
BBS12007 253.84 657.95 0.74
BBS12008 203.26 407.70 0.30
BBS12009 34.19 66.99 0.17
BBS12010 104.93 208.97 0.24
BBS12011 226.66 529.18 0.43
BBS12012 30.36 95.97 0.30
BBS12013 116.43 402.17 0.52
BBS12014 6.38 24.41 0.19
BBS12015 19.69 77.05 0.22
BBS12016 7.84 30.28 0.19
BBS12017 55.16 208.09 0.49
BBS12018 59.84 231.53 0.68
BBS12019 44.53 171.84 0.40
BBS12020 7.26 28.01 0.19
BBS12021 6.53 25.04 0.16
BBS12022 6.60 25.30 0.20
BBS12023 63.03 239.87 0.48
BBS12024 14.02 54.60 0.22
BBS12025 6.78 26.11 0.19
BBS12026 70.93 273.54 0.28
BBS12027 39.76 153.11 0.23
BBS12028 26.96 105.74 0.23
BBS12029 50.92 195.36 0.28
BBS12030 20.77 81.09 0.25
BBS12031 175.09 684.40 0.72
BBS12032 8.42 32.53 0.18
BBS12033 36.67 135.83 0.31
BBS12034 16.87 65.72 0.22
BBS12035 85.42 332.22 0.32
BBS12036 22.61 84.24 0.26
BBS12037 100.37 393.47 0.37
BBS12038 38.43 146.20 0.31
BBS12039 10.75 41.59 0.19
BBS12040 9.02 34.90 0.20
BBS12041 10.87 42.16 0.20
BBS12042 34.25 126.93 0.40
BBS12043 115.39 452.31 0.34
BBS12044 102.70 398.61 0.36
