identifiable: False {'adjacent': True, 'boundary': False, 'kernel': False, 'closed_claw': False}
anchor	p(DecoDiPhy)	p_lo	p_hi	p_canonical
12	0.1849	0.1849	0.1849	0.1849
18	0.1124	0.1108	0.1233	0.1220
19	0.0138	0.0029	0.0154	0.0042
32	0.0546	0.0546	0.0546	0.0546
54	0.0215	0.0215	0.0215	0.0215
107	0.1540	0.1540	0.1540	0.1540
115	0.1820	0.1820	0.1820	0.1820
121	0.0481	0.0481	0.0481	0.0481
137	0.1875	0.1875	0.1875	0.1875
151	0.0411	0.0411	0.0411	0.0411
ybar: DecoDiPhy 0.0818, canonical 0.0818
truth [12, 18, 19, 32, 54, 107, 115, 121, 137, 151] [0.1849, 0.1212, 0.005, 0.0546, 0.0215, 0.154, 0.182, 0.0481, 0.1875, 0.0411]
