| 5 | 2 | 1 | 21 | 0 | 21 | 0 | 0 | 0 |
| 5 | 3 | 1 | 35 | 15 | 20 | 20 | 0 | 0 |
| 5 | 4 | 1 | 35 | 31 | 4 | 4 | 0 | 0 |
| 5 | 5 | 1 | 21 | 21 | 0 | 0 | 0 | 0 |
| 6 | 2 | 2 | 72 | 0 | 72 | 0 | 0 | 0 |
| 6 | 3 | 2 | 168 | 52 | 116 | 84 | 0 | 0 |
| 6 | 4 | 2 | 252 | 207 | 45 | 45 | 0 | 0 |
| 6 | 5 | 2 | 252 | 248 | 4 | 4 | 0 | 0 |
| 7 | 2 | 2 | 110 | 0 | 110 | 0 | 0 | 0 |
| 7 | 3 | 2 | 330 | 70 | 260 | 116 | 0 | 1 |
| 7 | 4 | 2 | 660 | 423 | 237 | 236 | 0 | 2 |
| 7 | 5 | 2 | 924 | 860 | 64 | 64 | 0 | 1 |
| 8 | 2 | 4 | 312 | 0 | 312 | 0 | 0 | 1 |
| 8 | 3 | 4 | 1144 | 184 | 960 | 320 | 0 | 3 |
| 8 | 4 | 4 | 2860 | 1524 | 1336 | 1126 | 0 | 12 |
| 8 | 5 | 4 | 5148 | 4507 | 641 | 641 | 0 | 9 |
| 9 | 2 | 6 | 630 | 0 | 630 | 0 | 0 | 1 |
| 9 | 3 | 6 | 2730 | 334 | 2396 | 588 | 0 | 10 |
| 9 | 4 | 6 | 8190 | 3461 | 4729 | 3213 | 0 | 46 |
| 9 | 5 | 6 | 18018 | 13862 | 4156 | 4152 | 0 | 39 |
