| rep | Δ m1-dm vs magus | hardbb_pi | hardbb_sep | lowk_wshare | removed_wshare | med_neff | aos | disp |
| 1000M2 | +0.75 | 0.167 | 0.629 | 0.182 | 0.217 | 4.766 | 0.503 | 0.052 |
| SIMHIGH_R1 | -3.72 | 0.175 | 0.852 | 0.140 | 0.191 | 4.660 | 0.520 | 0.045 |
| BBA0101 | -2.07 | 0.195 | 0.681 | 0.114 | 0.212 | 1.899 | 0.543 | 0.023 |
| SIMMOD_R1 | -2.96 | 0.405 | 0.950 | 0.046 | 0.091 | 4.730 | 0.765 | 0.024 |
| 1000L1 | -0.13 | 0.120 | 0.862 | 0.168 | 0.211 | 4.817 | 0.526 | 0.038 |
| 16S.M | -0.58 | 0.435 | 0.912 | 0.028 | 0.070 | 3.791 | 0.849 | 0.011 |
| BBA0134 | -0.69 | 0.153 | 0.152 | 0.163 | 0.194 | 2.062 | 0.526 | 0.026 |
| BBA0067 | -1.44 | 0.204 | 0.658 | 0.082 | 0.199 | 1.512 | 0.544 | 0.015 |
| 1000L2 | +0.01 | 0.102 | 0.880 | 0.171 | 0.210 | 4.882 | 0.528 | 0.034 |
| BBA0039 | -0.09 | 0.609 | 0.982 | 0.016 | 0.029 | 4.036 | 0.914 | 0.006 |
ungated mean -1.092
hardbb_pi {"loo_mean": -1.0091404761728633, "train_mean": -1.092474899408367, "dir": 1, "theta": 0.11069207459162857, "loo": [0.75, -3.72, -2.07, -2.96, 0.0, -0.58, 0.0, -1.44, 0.01, -0.09]}
hardbb_sep {"loo_mean": -1.0223018362398169, "train_mean": -1.0976391854410423, "dir": 1, "theta": 0.6434173396714427, "loo": [0.75, -3.72, -2.07, -2.96, -0.13, -0.58, 0.0, -1.44, 0.01, -0.09]}
lowk_wshare {"loo_mean": -1.1539500487297243, "train_mean": -1.1678122486095925, "dir": -1, "theta": 0.16969174159460332, "loo": [0.0, -3.72, -2.07, -2.96, 0.0, -0.58, -0.69, -1.44, 0.01, -0.09]}
removed_wshare {"loo_mean": -1.0917740595954524, "train_mean": -1.1671114087966779, "dir": -1, "theta": 0.2143448221588049, "loo": [0.75, -3.72, -2.07, -2.96, -0.13, -0.58, -0.69, -1.44, 0.01, -0.09]}
med_neff {"loo_mean": -0.7830867106892925, "train_mean": -1.1546508885426392, "dir": -1, "theta": 4.7479324436420764, "loo": [0.75, -3.72, -2.07, 0.0, 0.0, -0.58, -0.69, -1.44, 0.0, -0.09]}
aos {"loo_mean": -1.0917740595954524, "train_mean": -1.1671114087966779, "dir": 1, "theta": 0.5113976485518849, "loo": [0.75, -3.72, -2.07, -2.96, -0.13, -0.58, -0.69, -1.44, 0.01, -0.09]}
disp {"loo_mean": -0.7201798026432267, "train_mean": -1.1671114087966779, "dir": -1, "theta": 0.04817222360321704, "loo": [0.75, 0.0, -2.07, -2.96, -0.13, -0.58, -0.69, -1.44, 0.01, -0.09]}
PICK lowk_wshare {"loo_mean": -1.1539500487297243, "train_mean": -1.1678122486095925, "dir": -1, "theta": 0.16969174159460332, "loo": [0.0, -3.72, -2.07, -2.96, 0.0, -0.58, -0.69, -1.44, 0.01, -0.09]}
